Tilemap
 Assets/Data/Tilesets/tileset1.txt
 100 100 64 64
 031 031 031 031 031 031 031 031 031 031 031 031 031 031 031 031 031 031 031 031 031 031 031 031 031 031  031 031  031 031 031  031 031	 031 031 031 031 031 031 031 031 031 031 031 031 031 031 031 031 031 031 031 031 031 031 031 031 031 031  031 031  031 031 031  031 031  031 031 031 031 031 031 031 031 031 031 031 031 031 031 031 031 031 031 031 031 031 031 031 031 031 031  031 031  031 031 031  031 031	 031
 031 031 031 031 031 031 031 031 031 031 031 031 031 031 031 031 031 031 031 031 031 031 031 031 031 031  031 031  031 031 031  031 031	 031 031 031 031 031 031 031 031 031 031 031 031 031 031 031 031 031 031 031 031 031 031 031 031 031 031  031 031  031 031 031  031 031  031 031 031 031 031 031 031 031 031 031 031 031 031 031 031 031 031 031 031 031 031 031 031 031 031 031  031 031  031 031 031  031 031	 031
 031 031 031 031 031 031 031 031 031 031 031 031 031 031 031 031 031 031 031 031 031 031 031 031 031 031  031 031  031 031 031  031 031	 031 031 031 031 031 031 031 031 031 031 031 031 031 031 031 031 031 031 031 031 031 031 031 031 031 031  031 031  031 031 031  031 031  031 031 031 031 031 031 031 031 031 031 031 031 031 031 031 031 031 031 031 031 031 031 031 031 031 031  031 031  031 031 031  031 031	 031
 031 031 031 031 031 031 031 031 031 031 031 031 031 031 031 031 031 031 031 031 031 031 031 031 031 031  031 031  031 031 031  031 031	 031 031 031 031 031 031 031 031 031 031 031 031 031 031 031 031 031 031 031 031 031 031 031 031 031 031  031 031  031 031 031  031 031  031 031 031 031 031 031 031 031 031 031 031 031 031 031 031 031 031 031 031 031 031 031 031 031 031 031  031 031  031 031 031  031 031	 031
 031 031 031 031 031 031 031 031 031 031 031 031 031 031 031 031 031 031 031 031 031 031 031 031 031 031  031 031  031 031 031  031 031	 031 031 031 031 031 031 031 031 031 031 031 031 031 031 031 031 031 031 031 031 031 031 031 031 031 031  031 031  031 031 031  031 031  031 031 031 031 031 031 031 031 031 031 031 031 031 031 031 031 031 031 031 031 031 031 031 031 031 031  031 031  031 031 031  031 031	 031
 031 031 031 031 031 031 031 031 031 031 031 031 031 031 031 031 031 031 031 031 031 031 031 031 031 031  031 031  031 031 031  031 031	 031 031 031 031 031 031 031 031 031 031 031 031 031 031 031 031 031 031 031 031 031 031 031 031 031 031  031 031  031 031 031  031 031  031 031 031 031 031 031 031 031 031 031 031 031 031 031 031 031 031 031 031 031 031 031 031 031 031 031  031 031  031 031 031  031 031	 031
 031 031 031 031 031 031 031 031 031 031 031 031 031 031 031 031 031 031 031 031 031 031 031 031 031 031  031 031  031 031 031  031 031	 031 031 031 031 031 031 031 031 031 031 031 031 031 031 031 031 031 031 031 031 031 031 031 031 031 031  031 031  031 031 031  031 031  031 031 031 031 031 031 031 031 031 031 031 031 031 031 031 031 031 031 031 031 031 031 031 031 031 031  031 031  031 031 031  031 031	 031
 031 031 031 031 031 031 031 031 031 031 031 031 031 031 031 031 031 031 031 031 031 031 031 031 031 031  031 031  031 031 031  031 031	 031 031 031 031 031 031 031 031 031 031 031 031 031 031 031 031 031 031 031 031 031 031 031 031 031 031  031 031  031 031 031  031 031  031 031 031 031 031 031 031 031 031 031 031 031 031 031 031 031 031 031 031 031 031 031 031 031 031 031  031 031  031 031 031  031 031	 031
 031 031 031 031 031 031 031 031 031 031 031 031 031 031 031 031 031 031 031 031 031 031 031 031 031 031  031 031  031 031 031  031 031	 031 031 031 031 031 031 031 031 031 031 031 031 031 031 031 031 031 031 031 031 031 031 031 031 031 031  031 031  031 031 031  031 031  031 031 031 031 031 031 031 031 031 031 031 031 031 031 031 031 031 031 031 031 031 031 031 031 031 031  031 031  031 031 031  031 031	 031
 031 031 031 031 031 031 031 031 031 031 031 031 031 031 031 031 031 031 031 031 031 031 031 031 031 031  031 031  031 031 031  031 031	 031 031 031 031 031 031 031 031 031 031 031 031 031 031 031 031 031 031 031 031 031 031 031 031 031 031  031 031  031 031 031  031 031  031 031 031 031 031 031 031 031 031 031 031 031 031 031 031 031 031 031 031 031 031 031 031 031 031 031  031 031  031 031 031  031 031	 031
 031 031 031 031 031 031 031 031 031 031 031 031 031 031 031 031 031 031 031 031 031 031 031 031 031 031  031 031  031 031 031  031 031	 031 031 031 031 031 031 031 031 031 031 031 031 031 031 031 031 031 031 031 031 031 031 031 031 031 031  031 031  031 031 031  031 031  031 031 031 031 031 031 031 031 031 031 031 031 031 031 031 031 031 031 031 031 031 031 031 031 031 031  031 031  031 031 031  031 031	 031
 031 031 031 031 031 031 031 031 031 031 031 031 031 031 031 031 031 031 031 031 031 031 031 031 031 031  031 031  031 031 031  031 031	 031 031 031 031 031 031 031 031 031 031 031 031 031 031 031 031 031 031 031 031 031 031 031 031 031 031  031 031  031 031 031  031 031  031 031 031 031 031 031 031 031 031 031 031 031 031 031 031 031 031 031 031 031 031 031 031 031 031 031  031 031  031 031 031  031 031	 031
 930 930 930 930 930 930 930 930 930 930 930 930 930 930 930 930 930 930 930 930 930 930 930 930 930 930  930 930  930 930 930  930 930	 930 930 930 930 930 930 930 930 930 930 930 930 930 930 930 930 930 930 930 930 930 930 930 930 930 930  930 930  930 930 930  930 930  930 930 930 930 930 930 930 930 930 930 930 930 930 930 930 930 930 930 930 930 930 930 930 930 930 930  930 930  930 930 031  031 031	 031
 962 962 962 962 962 962 962 962 962 962 962 962 962 962 962 962 962 962 962 962 962 962 962 962 962 962  962 962  962 962 962  962 962	 962 962 962 962 962 962 962 962 962 962 962 962 962 962 962 962 962 962 962 962 962 962 962 962 962 962  962 962  962 962 962  962 962  962 962 962 962 962 962 962 962 962 962 962 962 962 962 962 962 962 962 962 962 962 962 962 962 962 962  962 962  962 962 031  031 031	 031
 994 994 994 994 994 994 994 994 994 994 994 994 994 994 994 994 994 994 994 994 994 994 994 994 994 994  994 994  994 994 994  994 994	 994 994 994 994 994 994 994 994 994 994 994 994 994 994 994 994 994 994 994 994 994 994 994 994 994 994  994 994  994 994 994  994 994  994 994 994 994 994 994 994 994 994 994 994 994 994 994 994 994 994 994 994 994 994 994 994 994 994 994  994 994  994 994 031  031 031	 031
 031 031 031 031 031 031 031 031 031 031 031 031 031 031 031 031 031 031 031 031 031 031 031 031 031 031  031 031  031 031 031  031 031	 031 031 031 031 031 031 031 031 031 031 031 031 031 031 031 031 031 031 031 031 031 031 031 031 031 031  031 031  031 031 031  031 031  031 031 031 031 031 031 031 031 031 031 031 031 031 031 031 031 031 031 031 031 031 031 031 031 031 031  031 031  031 031 031  031 031	 031
 031 031 031 031 031 031 031 031 031 031 031 031 031 031 031 031 031 031 031 031 031 031 031 031 031 031  031 031  031 031 031  031 031	 031 031 031 031 031 031 031 031 031 031 031 031 031 031 031 031 031 031 031 031 031 031 031 031 031 031  031 031  031 031 031  031 031  031 031 031 031 031 031 031 031 031 031 031 031 031 031 031 031 031 031 031 031 031 031 031 031 031 031  031 031  031 031 031  031 031	 031
 031 031 031 031 031 031 031 031 031 031 031 031 031 031 031 031 031 031 031 031 031 031 031 031 031 031  031 031  031 031 031  031 031	 031 031 031 031 031 031 031 031 031 031 031 031 031 031 031 031 031 031 031 031 031 031 031 031 031 031  031 031  031 031 031  031 031  031 031 031 031 031 031 031 031 031 031 031 031 031 031 031 031 031 031 031 031 031 031 031 031 031 031  031 031  031 031 031  031 031	 031
 031 031 031 031 031 031 031 031 031 031 031 031 031 031 031 031 031 031 031 031 031 031 031 031 031 031  031 031  031 031 031  031 031	 031 031 031 031 031 031 031 031 031 031 031 031 031 031 031 031 031 031 031 031 031 031 031 031 031 031  031 031  031 031 031  031 031  031 031 031 031 031 031 031 031 031 031 031 031 031 031 031 031 031 031 031 031 031 031 031 031 031 031  031 031  031 031 031  031 031	 031
 031 031 031 031 031 031 031 031 031 031 031 031 031 031 031 031 031 031 031 031 031 031 031 031 031 031  031 031  031 031 031  031 031	 031 031 031 031 031 031 031 031 031 031 031 031 031 031 031 031 031 031 031 031 031 031 031 031 031 031  031 031  031 031 031  031 031  031 031 031 031 031 031 031 031 031 031 031 031 031 031 031 031 031 031 031 031 031 031 031 031 031 031  031 031  031 031 031  031 031	 031
 031 031 031 031 031 031 031 031 031 031 031 031 031 031 031 031 031 031 031 031 031 031 031 031 031 031  031 031  031 031 031  031 031	 031 031 031 031 031 031 031 031 031 031 031 031 031 031 031 031 031 031 031 031 031 031 031 031 031 031  031 031  031 031 031  031 031  031 031 031 031 031 031 031 031 031 031 031 031 031 031 031 031 031 031 031 031 031 031 031 031 031 031  031 031  031 031 031  031 031	 031
 031 031 031 031 031 031 031 031 031 031 031 031 031 031 031 031 031 031 031 031 031 031 031 031 031 031  031 031  031 031 031  031 031	 031 031 031 031 031 031 031 031 031 031 031 031 031 031 031 031 031 031 031 031 031 031 031 031 031 031  031 031  031 031 031  031 031  031 031 031 031 031 031 031 031 031 031 031 031 031 031 031 031 031 031 031 031 031 031 031 031 031 031  031 031  031 031 031  031 031	 031
 031 031 031 031 031 031 031 031 031 031 031 031 031 031 031 031 031 031 031 031 031 031 031 031 031 031  031 031  031 031 031  031 031	 031 031 031 031 031 031 031 031 031 031 031 031 031 031 031 031 031 031 031 031 031 031 031 031 031 031  031 031  031 031 031  031 031  031 031 031 031 031 031 031 031 031 031 031 031 031 031 031 031 031 031 031 031 031 031 031 031 031 031  031 031  031 031 031  031 031	 031
 031 031 031 031 031 031 031 031 031 031 031 031 031 031 031 031 031 031 031 031 031 031 031 031 031 031  031 031  031 031 031  031 031	 031 031 031 031 031 031 031 031 031 031 031 031 031 031 031 031 031 031 031 031 031 031 031 031 031 031  031 031  031 031 031  031 031  031 031 031 031 031 031 031 031 031 031 031 031 031 031 031 031 031 031 031 031 031 031 031 031 031 031  031 031  031 031 031  031 031	 031
 031 031 031 031 031 031 031 031 031 031 031 031 031 031 031 031 031 031 031 031 031 031 031 031 031 031  031 031  031 031 031  031 031	 031 031 031 031 031 031 031 031 031 031 031 031 031 031 031 031 031 031 031 031 031 031 031 031 031 031  031 031  031 031 031  031 031  031 031 031 031 031 031 031 031 031 031 031 031 031 031 031 031 031 031 031 031 031 031 031 031 031 031  031 031  031 031 031  031 031	 031
 031 031 031 031 031 031 031 031 031 031 031 031 031 031 031 031 031 031 031 031 031 031 031 031 031 031  031 031  031 031 031  031 031	 031 031 031 031 031 031 031 031 031 031 031 031 031 031 031 031 031 031 031 031 031 031 031 031 031 031  031 031  031 031 031  031 031  031 031 031 031 031 031 031 031 031 031 031 031 031 031 031 031 031 031 031 031 031 031 031 031 031 031  031 031  031 031 031  031 031	 031
 031 031 031 031 031 031 031 031 031 031 031 031 031 031 031 031 031 031 031 031 031 031 031 031 031 031  031 031  031 031 031  031 031	 031 031 031 031 031 031 031 031 031 031 031 031 031 031 031 031 031 031 031 031 031 031 031 031 031 031  031 031  031 031 031  031 031  031 031 031 031 031 031 031 031 031 031 031 031 031 031 031 031 031 031 031 031 031 031 031 031 031 031  031 031  031 031 031  031 031	 031
 031 031 031 031 031 031 031 031 031 031 031 031 031 031 031 031 031 031 031 031 031 031 031 031 031 031  031 031  031 031 031  031 031	 031 031 031 031 031 031 031 031 031 031 031 031 031 031 031 031 031 031 031 031 031 031 031 031 031 031  031 031  031 031 031  031 031  031 031 031 031 031 031 031 031 031 031 031 031 031 031 031 031 031 031 031 031 031 031 031 031 031 031  031 031  031 031 031  031 031	 031
 031 031 031 031 031 031 031 031 031 031 031 031 031 031 031 031 031 031 031 031 031 031 031 031 031 031  031 031  031 031 031  031 031	 031 031 031 031 031 031 031 031 031 031 031 031 031 031 031 031 031 031 031 031 031 031 031 031 031 031  031 031  031 031 031  031 031  031 031 031 031 031 031 031 031 031 031 031 031 031 031 031 031 031 031 031 031 031 031 031 031 031 031  031 031  031 031 031  031 031	 031
 031 031 031 031 031 031 031 031 031 031 031 031 031 031 031 031 031 031 031 031 031 031 031 031 031 031  031 031  031 031 031  031 031	 031 031 031 031 031 031 031 031 031 031 031 031 031 031 031 031 031 031 031 031 031 031 031 031 031 031  031 031  031 031 031  031 031  031 031 031 031 031 031 031 031 031 031 031 031 031 031 031 031 031 031 031 031 031 031 031 031 031 031  031 031  031 031 031  031 031	 031
 031 031 031 031 031 031 031 031 031 031 031 031 031 031 031 031 031 031 031 031 031 031 031 031 031 031  031 031  031 031 031  031 031	 031 031 031 031 031 031 031 031 031 031 031 031 031 031 031 031 031 031 031 031 031 031 031 031 031 031  031 031  031 031 031  031 031  031 031 031 031 031 031 031 031 031 031 031 031 031 031 031 031 031 031 031 031 031 031 031 031 031 031  031 031  031 031 031  031 031	 031
 031 031 031 031 031 031 031 031 031 031 031 031 031 031 031 031 031 031 031 031 031 031 031 031 031 031  031 031  031 031 031  031 031	 031 031 031 031 031 031 031 031 031 031 031 031 031 031 031 031 031 031 031 031 031 031 031 031 031 031  031 031  031 031 031  031 031  031 031 031 031 031 031 031 031 031 031 031 031 031 031 031 031 031 031 031 031 031 031 031 031 031 031  031 031  031 031 031  031 031	 031
 031 031 031 031 031 031 031 031 031 031 031 031 031 031 031 031 031 031 031 031 031 031 031 031 031 031  031 031  031 031 031  031 031	 031 031 031 031 031 031 031 031 031 031 031 031 031 031 031 031 031 031 031 031 031 031 031 031 031 031  031 031  031 031 031  031 031  031 031 031 031 031 031 031 031 031 031 031 031 031 031 031 031 031 031 031 031 031 031 031 031 031 031  031 031  031 031 031  031 031	 031
 031 031 031 031 031 031 031 031 031 031 031 031 031 031 031 031 031 031 031 031 031 031 031 031 031 031  031 031  031 031 031  031 031	 031 031 031 031 031 031 031 031 031 031 031 031 031 031 031 031 031 031 031 031 031 031 031 031 031 031  031 031  031 031 031  031 031  031 031 031 031 031 031 031 031 031 031 031 031 031 031 031 031 031 031 031 031 031 031 031 031 031 031  031 031  031 031 031  031 031	 031
 031 031 031 031 031 031 031 031 031 031 031 031 031 031 031 031 031 031 031 031 031 031 031 031 031 031  031 031  031 031 031  031 031	 031 031 031 031 031 031 031 031 031 031 031 031 031 031 031 031 031 031 031 031 031 031 031 031 031 031  031 031  031 031 031  031 031  031 031 031 031 031 031 031 031 031 031 031 031 031 031 031 031 031 031 031 031 031 031 031 031 031 031  031 031  031 031 031  031 031	 031
 031 031 031 031 031 031 031 031 031 031 031 031 031 031 031 031 031 031 031 031 031 031 031 031 031 031  031 031  031 031 031  031 031	 031 031 031 031 031 031 031 031 031 031 031 031 031 031 031 031 031 031 031 031 031 031 031 031 031 031  031 031  031 031 031  031 031  031 031 031 031 031 031 031 031 031 031 031 031 031 031 031 031 031 031 031 031 031 031 031 031 031 031  031 031  031 031 031  031 031	 031
 031 031 031 031 031 031 031 031 031 031 031 031 031 031 031 031 031 031 031 031 031 031 031 031 031 031  031 031  031 031 031  031 031	 031 031 031 031 031 031 031 031 031 031 031 031 031 031 031 031 031 031 031 031 031 031 031 031 031 031  031 031  031 031 031  031 031  031 031 031 031 031 031 031 031 031 031 031 031 031 031 031 031 031 031 031 031 031 031 031 031 031 031  031 031  031 031 031  031 031	 031
 031 031 031 031 031 031 031 031 031 031 031 031 031 031 031 031 031 031 031 031 031 031 031 031 031 031  031 031  031 031 031  031 031	 031 031 031 031 031 031 031 031 031 031 031 031 031 031 031 031 031 031 031 031 031 031 031 031 031 031  031 031  031 031 031  031 031  031 031 031 031 031 031 031 031 031 031 031 031 031 031 031 031 031 031 031 031 031 031 031 031 031 031  031 031  031 031 031  031 031	 031
 031 031 031 031 031 031 031 031 031 031 031 031 031 031 031 031 031 031 031 031 031 031 031 031 031 031  031 031  031 031 031  031 031	 031 031 031 031 031 031 031 031 031 031 031 031 031 031 031 031 031 031 031 031 031 031 031 031 031 031  031 031  031 031 031  031 031  031 031 031 031 031 031 031 031 031 031 031 031 031 031 031 031 031 031 031 031 031 031 031 031 031 031  031 031  031 031 031  031 031	 031
 031 031 031 031 031 031 031 031 031 031 031 031 031 031 031 031 031 031 031 031 031 031 031 031 031 031  031 031  031 031 031  031 031	 031 031 031 031 031 031 031 031 031 031 031 031 031 031 031 031 031 031 031 031 031 031 031 031 031 031  031 031  031 031 031  031 031  031 031 031 031 031 031 031 031 031 031 031 031 031 031 031 031 031 031 031 031 031 031 031 031 031 031  031 031  031 031 031  031 031	 031
 031 031 031 031 031 031 031 031 031 031 031 031 031 031 031 031 031 031 031 031 031 031 031 031 031 031  031 031  031 031 031  031 031	 031 031 031 031 031 031 031 031 031 031 031 031 031 031 031 031 031 031 031 031 031 031 031 031 031 031  031 031  031 031 031  031 031  031 031 031 031 031 031 031 031 031 031 031 031 031 031 031 031 031 031 031 031 031 031 031 031 031 031  031 031  031 031 031  031 031	 031
 031 031 031 031 031 031 031 031 031 031 031 031 031 031 031 031 031 031 031 031 031 031 031 031 031 031  031 031  031 031 031  031 031	 031 031 031 031 031 031 031 031 031 031 031 031 031 031 031 031 031 031 031 031 031 031 031 031 031 031  031 031  031 031 031  031 031  031 031 031 031 031 031 031 031 031 031 031 031 031 031 031 031 031 031 031 031 031 031 031 031 031 031  031 031  031 031 031  031 031	 031
 031 031 031 031 031 031 031 031 031 031 031 031 031 031 031 031 031 031 031 031 031 031 031 031 031 031  031 031  031 031 031  031 031	 031 031 031 031 031 031 031 031 031 031 031 031 031 031 031 031 031 031 031 031 031 031 031 031 031 031  031 031  031 031 031  031 031  031 031 031 031 031 031 031 031 031 031 031 031 031 031 031 031 031 031 031 031 031 031 031 031 031 031  031 031  031 031 031  031 031	 031
 031 031 031 031 031 031 031 031 031 031 031 031 031 031 031 031 031 031 031 031 031 031 031 031 031 031  031 031  031 031 031  031 031	 031 031 031 031 031 031 031 031 031 031 031 031 031 031 031 031 031 031 031 031 031 031 031 031 031 031  031 031  031 031 031  031 031  031 031 031 031 031 031 031 031 031 031 031 031 031 031 031 031 031 031 031 031 031 031 031 031 031 031  031 031  031 031 031  031 031	 031
 031 031 031 031 031 031 031 031 031 031 031 031 031 031 031 031 031 031 031 031 031 031 031 031 031 031  031 031  031 031 031  031 031	 031 031 031 031 031 031 031 031 031 031 031 031 031 031 031 031 031 031 031 031 031 031 031 031 031 031  031 031  031 031 031  031 031  031 031 031 031 031 031 031 031 031 031 031 031 031 031 031 031 031 031 031 031 031 031 031 031 031 031  031 031  031 031 031  031 031	 031
 031 031 031 031 031 031 031 031 031 031 031 031 031 031 031 031 031 031 031 031 031 031 031 031 031 031  031 031  031 031 031  031 031	 031 031 031 031 031 031 031 031 031 031 031 031 031 031 031 031 031 031 031 031 031 031 031 031 031 031  031 031  031 031 031  031 031  031 031 031 031 031 031 031 031 031 031 031 031 031 031 031 031 031 031 031 031 031 031 031 031 031 031  031 031  031 031 031  031 031	 031
 031 031 031 031 031 031 031 031 031 031 031 031 031 031 031 031 031 031 031 031 031 031 031 031 031 031  031 031  031 031 031  031 031	 031 031 031 031 031 031 031 031 031 031 031 031 031 031 031 031 031 031 031 031 031 031 031 031 031 031  031 031  031 031 031  031 031  031 031 031 031 031 031 031 031 031 031 031 031 031 031 031 031 031 031 031 031 031 031 031 031 031 031  031 031  031 031 031  031 031	 031
 031 031 031 031 031 031 031 031 031 031 031 031 031 031 031 031 031 031 031 031 031 031 031 031 031 031  031 031  031 031 031  031 031	 031 031 031 031 031 031 031 031 031 031 031 031 031 031 031 031 031 031 031 031 031 031 031 031 031 031  031 031  031 031 031  031 031  031 031 031 031 031 031 031 031 031 031 031 031 031 031 031 031 031 031 031 031 031 031 031 031 031 031  031 031  031 031 031  031 031	 031
 031 031 031 031 031 031 031 031 031 031 031 031 031 031 031 031 031 031 031 031 031 031 031 031 031 031  031 031  031 031 031  031 031	 031 031 031 031 031 031 031 031 031 031 031 031 031 031 031 031 031 031 031 031 031 031 031 031 031 031  031 031  031 031 031  031 031  031 031 031 031 031 031 031 031 031 031 031 031 031 031 031 031 031 031 031 031 031 031 031 031 031 031  031 031  031 031 031  031 031	 031
 031 031 031 031 031 031 031 031 031 031 031 031 031 031 031 031 031 031 031 031 031 031 031 031 031 031  031 031  031 031 031  031 031	 031 031 031 031 031 031 031 031 031 031 031 031 031 031 031 031 031 031 031 031 031 031 031 031 031 031  031 031  031 031 031  031 031  031 031 031 031 031 031 031 031 031 031 031 031 031 031 031 031 031 031 031 031 031 031 031 031 031 031  031 031  031 031 031  031 031	 031
 031 031 031 031 031 031 031 031 031 031 031 031 031 031 031 031 031 031 031 031 031 031 031 031 031 031  031 031  031 031 031  031 031	 031 031 031 031 031 031 031 031 031 031 031 031 031 031 031 031 031 031 031 031 031 031 031 031 031 031  031 031  031 031 031  031 031  031 031 031 031 031 031 031 031 031 031 031 031 031 031 031 031 031 031 031 031 031 031 031 031 031 031  031 031  031 031 031  031 031	 031
 031 031 031 031 031 031 031 031 031 031 031 031 031 031 031 031 031 031 031 031 031 031 031 031 031 031  031 031  031 031 031  031 031	 031 031 031 031 031 031 031 031 031 031 031 031 031 031 031 031 031 031 031 031 031 031 031 031 031 031  031 031  031 031 031  031 031  031 031 031 031 031 031 031 031 031 031 031 031 031 031 031 031 031 031 031 031 031 031 031 031 031 031  031 031  031 031 031  031 031	 031
 031 031 031 031 031 031 031 031 031 031 031 031 031 031 031 031 031 031 031 031 031 031 031 031 031 031  031 031  031 031 031  031 031	 031 031 031 031 031 031 031 031 031 031 031 031 031 031 031 031 031 031 031 031 031 031 031 031 031 031  031 031  031 031 031  031 031  031 031 031 031 031 031 031 031 031 031 031 031 031 031 031 031 031 031 031 031 031 031 031 031 031 031  031 031  031 031 031  031 031	 031
 031 031 031 031 031 031 031 031 031 031 031 031 031 031 031 031 031 031 031 031 031 031 031 031 031 031  031 031  031 031 031  031 031	 031 031 031 031 031 031 031 031 031 031 031 031 031 031 031 031 031 031 031 031 031 031 031 031 031 031  031 031  031 031 031  031 031  031 031 031 031 031 031 031 031 031 031 031 031 031 031 031 031 031 031 031 031 031 031 031 031 031 031  031 031  031 031 031  031 031	 031
 031 031 031 031 031 031 031 031 031 031 031 031 031 031 031 031 031 031 031 031 031 031 031 031 031 031  031 031  031 031 031  031 031	 031 031 031 031 031 031 031 031 031 031 031 031 031 031 031 031 031 031 031 031 031 031 031 031 031 031  031 031  031 031 031  031 031  031 031 031 031 031 031 031 031 031 031 031 031 031 031 031 031 031 031 031 031 031 031 031 031 031 031  031 031  031 031 031  031 031	 031
 031 031 031 031 031 031 031 031 031 031 031 031 031 031 031 031 031 031 031 031 031 031 031 031 031 031  031 031  031 031 031  031 031	 031 031 031 031 031 031 031 031 031 031 031 031 031 031 031 031 031 031 031 031 031 031 031 031 031 031  031 031  031 031 031  031 031  031 031 031 031 031 031 031 031 031 031 031 031 031 031 031 031 031 031 031 031 031 031 031 031 031 031  031 031  031 031 031  031 031	 031
 031 031 031 031 031 031 031 031 031 031 031 031 031 031 031 031 031 031 031 031 031 031 031 031 031 031  031 031  031 031 031  031 031	 031 031 031 031 031 031 031 031 031 031 031 031 031 031 031 031 031 031 031 031 031 031 031 031 031 031  031 031  031 031 031  031 031  031 031 031 031 031 031 031 031 031 031 031 031 031 031 031 031 031 031 031 031 031 031 031 031 031 031  031 031  031 031 031  031 031	 031
 031 031 031 031 031 031 031 031 031 031 031 031 031 031 031 031 031 031 031 031 031 031 031 031 031 031  031 031  031 031 031  031 031	 031 031 031 031 031 031 031 031 031 031 031 031 031 031 031 031 031 031 031 031 031 031 031 031 031 031  031 031  031 031 031  031 031  031 031 031 031 031 031 031 031 031 031 031 031 031 031 031 031 031 031 031 031 031 031 031 031 031 031  031 031  031 031 031  031 031	 031
 031 031 031 031 031 031 031 031 031 031 031 031 031 031 031 031 031 031 031 031 031 031 031 031 031 031  031 031  031 031 031  031 031	 031 031 031 031 031 031 031 031 031 031 031 031 031 031 031 031 031 031 031 031 031 031 031 031 031 031  031 031  031 031 031  031 031  031 031 031 031 031 031 031 031 031 031 031 031 031 031 031 031 031 031 031 031 031 031 031 031 031 031  031 031  031 031 031  031 031	 031
 031 031 031 031 031 031 031 031 031 031 031 031 031 031 031 031 031 031 031 031 031 031 031 031 031 031  031 031  031 031 031  031 031	 031 031 031 031 031 031 031 031 031 031 031 031 031 031 031 031 031 031 031 031 031 031 031 031 031 031  031 031  031 031 031  031 031  031 031 031 031 031 031 031 031 031 031 031 031 031 031 031 031 031 031 031 031 031 031 031 031 031 031  031 031  031 031 031  031 031	 031
 031 031 031 031 031 031 031 031 031 031 031 031 031 031 031 031 031 031 031 031 031 031 031 031 031 031  031 031  031 031 031  031 031	 031 031 031 031 031 031 031 031 031 031 031 031 031 031 031 031 031 031 031 031 031 031 031 031 031 031  031 031  031 031 031  031 031  031 031 031 031 031 031 031 031 031 031 031 031 031 031 031 031 031 031 031 031 031 031 031 031 031 031  031 031  031 031 031  031 031	 031
 031 031 031 031 031 031 031 031 031 031 031 031 031 031 031 031 031 031 031 031 031 031 031 031 031 031  031 031  031 031 031  031 031	 031 031 031 031 031 031 031 031 031 031 031 031 031 031 031 031 031 031 031 031 031 031 031 031 031 031  031 031  031 031 031  031 031  031 031 031 031 031 031 031 031 031 031 031 031 031 031 031 031 031 031 031 031 031 031 031 031 031 031  031 031  031 031 031  031 031	 031
 031 031 031 031 031 031 031 031 031 031 031 031 031 031 031 031 031 031 031 031 031 031 031 031 031 031  031 031  031 031 031  031 031	 031 031 031 031 031 031 031 031 031 031 031 031 031 031 031 031 031 031 031 031 031 031 031 031 031 031  031 031  031 031 031  031 031  031 031 031 031 031 031 031 031 031 031 031 031 031 031 031 031 031 031 031 031 031 031 031 031 031 031  031 031  031 031 031  031 031	 031
 031 031 031 031 031 031 031 031 031 031 031 031 031 031 031 031 031 031 031 031 031 031 031 031 031 031  031 031  031 031 031  031 031	 031 031 031 031 031 031 031 031 031 031 031 031 031 031 031 031 031 031 031 031 031 031 031 031 031 031  031 031  031 031 031  031 031  031 031 031 031 031 031 031 031 031 031 031 031 031 031 031 031 031 031 031 031 031 031 031 031 031 031  031 031  031 031 031  031 031	 031
 031 031 031 031 031 031 031 031 031 031 031 031 031 031 031 031 031 031 031 031 031 031 031 031 031 031  031 031  031 031 031  031 031	 031 031 031 031 031 031 031 031 031 031 031 031 031 031 031 031 031 031 031 031 031 031 031 031 031 031  031 031  031 031 031  031 031  031 031 031 031 031 031 031 031 031 031 031 031 031 031 031 031 031 031 031 031 031 031 031 031 031 031  031 031  031 031 031  031 031	 031
 031 031 031 031 031 031 031 031 031 031 031 031 031 031 031 031 031 031 031 031 031 031 031 031 031 031  031 031  031 031 031  031 031	 031 031 031 031 031 031 031 031 031 031 031 031 031 031 031 031 031 031 031 031 031 031 031 031 031 031  031 031  031 031 031  031 031  031 031 031 031 031 031 031 031 031 031 031 031 031 031 031 031 031 031 031 031 031 031 031 031 031 031  031 031  031 031 031  031 031	 031
 031 031 031 031 031 031 031 031 031 031 031 031 031 031 031 031 031 031 031 031 031 031 031 031 031 031  031 031  031 031 031  031 031	 031 031 031 031 031 031 031 031 031 031 031 031 031 031 031 031 031 031 031 031 031 031 031 031 031 031  031 031  031 031 031  031 031  031 031 031 031 031 031 031 031 031 031 031 031 031 031 031 031 031 031 031 031 031 031 031 031 031 031  031 031  031 031 031  031 031	 031
 031 031 031 031 031 031 031 031 031 031 031 031 031 031 031 031 031 031 031 031 031 031 031 031 031 031  031 031  031 031 031  031 031	 031 031 031 031 031 031 031 031 031 031 031 031 031 031 031 031 031 031 031 031 031 031 031 031 031 031  031 031  031 031 031  031 031  031 031 031 031 031 031 031 031 031 031 031 031 031 031 031 031 031 031 031 031 031 031 031 031 031 031  031 031  031 031 031  031 031	 031
 031 031 031 031 031 031 031 031 031 031 031 031 031 031 031 031 031 031 031 031 031 031 031 031 031 031  031 031  031 031 031  031 031	 031 031 031 031 031 031 031 031 031 031 031 031 031 031 031 031 031 031 031 031 031 031 031 031 031 031  031 031  031 031 031  031 031  031 031 031 031 031 031 031 031 031 031 031 031 031 031 031 031 031 031 031 031 031 031 031 031 031 031  031 031  031 031 031  031 031	 031
 031 031 031 031 031 031 031 031 031 031 031 031 031 031 031 031 031 031 031 031 031 031 031 031 031 031  031 031  031 031 031  031 031	 031 031 031 031 031 031 031 031 031 031 031 031 031 031 031 031 031 031 031 031 031 031 031 031 031 031  031 031  031 031 031  031 031  031 031 031 031 031 031 031 031 031 031 031 031 031 031 031 031 031 031 031 031 031 031 031 031 031 031  031 031  031 031 031  031 031	 031
 031 031 031 031 031 031 031 031 031 031 031 031 031 031 031 031 031 031 031 031 031 031 031 031 031 031  031 031  031 031 031  031 031	 031 031 031 031 031 031 031 031 031 031 031 031 031 031 031 031 031 031 031 031 031 031 031 031 031 031  031 031  031 031 031  031 031  031 031 031 031 031 031 031 031 031 031 031 031 031 031 031 031 031 031 031 031 031 031 031 031 031 031  031 031  031 031 031  031 031	 031
 031 031 031 031 031 031 031 031 031 031 031 031 031 031 031 031 031 031 031 031 031 031 031 031 031 031  031 031  031 031 031  031 031	 031 031 031 031 031 031 031 031 031 031 031 031 031 031 031 031 031 031 031 031 031 031 031 031 031 031  031 031  031 031 031  031 031  031 031 031 031 031 031 031 031 031 031 031 031 031 031 031 031 031 031 031 031 031 031 031 031 031 031  031 031  031 031 031  031 031	 031
 031 031 031 031 031 031 031 031 031 031 031 031 031 031 031 031 031 031 031 031 031 031 031 031 031 031  031 031  031 031 031  031 031	 031 031 031 031 031 031 031 031 031 031 031 031 031 031 031 031 031 031 031 031 031 031 031 031 031 031  031 031  031 031 031  031 031  031 031 031 031 031 031 031 031 031 031 031 031 031 031 031 031 031 031 031 031 031 031 031 031 031 031  031 031  031 031 031  031 031	 031
 031 031 031 031 031 031 031 031 031 031 031 031 031 031 031 031 031 031 031 031 031 031 031 031 031 031  031 031  031 031 031  031 031	 031 031 031 031 031 031 031 031 031 031 031 031 031 031 031 031 031 031 031 031 031 031 031 031 031 031  031 031  031 031 031  031 031  031 031 031 031 031 031 031 031 031 031 031 031 031 031 031 031 031 031 031 031 031 031 031 031 031 031  031 031  031 031 031  031 031	 031
 031 031 031 031 031 031 031 031 031 031 031 031 031 031 031 031 031 031 031 031 031 031 031 031 031 031  031 031  031 031 031  031 031	 031 031 031 031 031 031 031 031 031 031 031 031 031 031 031 031 031 031 031 031 031 031 031 031 031 031  031 031  031 031 031  031 031  031 031 031 031 031 031 031 031 031 031 031 031 031 031 031 031 031 031 031 031 031 031 031 031 031 031  031 031  031 031 031  031 031	 031
 031 031 031 031 031 031 031 031 031 031 031 031 031 031 031 031 031 031 031 031 031 031 031 031 031 031  031 031  031 031 031  031 031	 031 031 031 031 031 031 031 031 031 031 031 031 031 031 031 031 031 031 031 031 031 031 031 031 031 031  031 031  031 031 031  031 031  031 031 031 031 031 031 031 031 031 031 031 031 031 031 031 031 031 031 031 031 031 031 031 031 031 031  031 031  031 031 031  031 031	 031
 031 031 031 031 031 031 031 031 031 031 031 031 031 031 031 031 031 031 031 031 031 031 031 031 031 031  031 031  031 031 031  031 031	 031 031 031 031 031 031 031 031 031 031 031 031 031 031 031 031 031 031 031 031 031 031 031 031 031 031  031 031  031 031 031  031 031  031 031 031 031 031 031 031 031 031 031 031 031 031 031 031 031 031 031 031 031 031 031 031 031 031 031  031 031  031 031 031  031 031	 031
 031 031 031 031 031 031 031 031 031 031 031 031 031 031 031 031 031 031 031 031 031 031 031 031 031 031  031 031  031 031 031  031 031	 031 031 031 031 031 031 031 031 031 031 031 031 031 031 031 031 031 031 031 031 031 031 031 031 031 031  031 031  031 031 031  031 031  031 031 031 031 031 031 031 031 031 031 031 031 031 031 031 031 031 031 031 031 031 031 031 031 031 031  031 031  031 031 031  031 031	 031
 031 031 031 031 031 031 031 031 031 031 031 031 031 031 031 031 031 031 031 031 031 031 031 031 031 031  031 031  031 031 031  031 031	 031 031 031 031 031 031 031 031 031 031 031 031 031 031 031 031 031 031 031 031 031 031 031 031 031 031  031 031  031 031 031  031 031  031 031 031 031 031 031 031 031 031 031 031 031 031 031 031 031 031 031 031 031 031 031 031 031 031 031  031 031  031 031 031  031 031	 031
 031 031 031 031 031 031 031 031 031 031 031 031 031 031 031 031 031 031 031 031 031 031 031 031 031 031  031 031  031 031 031  031 031	 031 031 031 031 031 031 031 031 031 031 031 031 031 031 031 031 031 031 031 031 031 031 031 031 031 031  031 031  031 031 031  031 031  031 031 031 031 031 031 031 031 031 031 031 031 031 031 031 031 031 031 031 031 031 031 031 031 031 031  031 031  031 031 031  031 031	 031
 031 031 031 031 031 031 031 031 031 031 031 031 031 031 031 031 031 031 031 031 031 031 031 031 031 031  031 031  031 031 031  031 031	 031 031 031 031 031 031 031 031 031 031 031 031 031 031 031 031 031 031 031 031 031 031 031 031 031 031  031 031  031 031 031  031 031  031 031 031 031 031 031 031 031 031 031 031 031 031 031 031 031 031 031 031 031 031 031 031 031 031 031  031 031  031 031 031  031 031	 031
 031 031 031 031 031 031 031 031 031 031 031 031 031 031 031 031 031 031 031 031 031 031 031 031 031 031  031 031  031 031 031  031 031	 031 031 031 031 031 031 031 031 031 031 031 031 031 031 031 031 031 031 031 031 031 031 031 031 031 031  031 031  031 031 031  031 031  031 031 031 031 031 031 031 031 031 031 031 031 031 031 031 031 031 031 031 031 031 031 031 031 031 031  031 031  031 031 031  031 031	 031
 031 031 031 031 031 031 031 031 031 031 031 031 031 031 031 031 031 031 031 031 031 031 031 031 031 031  031 031  031 031 031  031 031	 031 031 031 031 031 031 031 031 031 031 031 031 031 031 031 031 031 031 031 031 031 031 031 031 031 031  031 031  031 031 031  031 031  031 031 031 031 031 031 031 031 031 031 031 031 031 031 031 031 031 031 031 031 031 031 031 031 031 031  031 031  031 031 031  031 031	 031
 031 031 031 031 031 031 031 031 031 031 031 031 031 031 031 031 031 031 031 031 031 031 031 031 031 031  031 031  031 031 031  031 031	 031 031 031 031 031 031 031 031 031 031 031 031 031 031 031 031 031 031 031 031 031 031 031 031 031 031  031 031  031 031 031  031 031  031 031 031 031 031 031 031 031 031 031 031 031 031 031 031 031 031 031 031 031 031 031 031 031 031 031  031 031  031 031 031  031 031	 031
 031 031 031 031 031 031 031 031 031 031 031 031 031 031 031 031 031 031 031 031 031 031 031 031 031 031  031 031  031 031 031  031 031	 031 031 031 031 031 031 031 031 031 031 031 031 031 031 031 031 031 031 031 031 031 031 031 031 031 031  031 031  031 031 031  031 031  031 031 031 031 031 031 031 031 031 031 031 031 031 031 031 031 031 031 031 031 031 031 031 031 031 031  031 031  031 031 031  031 031	 031
 031 031 031 031 031 031 031 031 031 031 031 031 031 031 031 031 031 031 031 031 031 031 031 031 031 031  031 031  031 031 031  031 031	 031 031 031 031 031 031 031 031 031 031 031 031 031 031 031 031 031 031 031 031 031 031 031 031 031 031  031 031  031 031 031  031 031  031 031 031 031 031 031 031 031 031 031 031 031 031 031 031 031 031 031 031 031 031 031 031 031 031 031  031 031  031 031 031  031 031	 031
 031 031 031 031 031 031 031 031 031 031 031 031 031 031 031 031 031 031 031 031 031 031 031 031 031 031  031 031  031 031 031  031 031	 031 031 031 031 031 031 031 031 031 031 031 031 031 031 031 031 031 031 031 031 031 031 031 031 031 031  031 031  031 031 031  031 031  031 031 031 031 031 031 031 031 031 031 031 031 031 031 031 031 031 031 031 031 031 031 031 031 031 031  031 031  031 031 031  031 031	 031
 031 031 031 031 031 031 031 031 031 031 031 031 031 031 031 031 031 031 031 031 031 031 031 031 031 031  031 031  031 031 031  031 031	 031 031 031 031 031 031 031 031 031 031 031 031 031 031 031 031 031 031 031 031 031 031 031 031 031 031  031 031  031 031 031  031 031  031 031 031 031 031 031 031 031 031 031 031 031 031 031 031 031 031 031 031 031 031 031 031 031 031 031  031 031  031 031 031  031 031	 031
 031 031 031 031 031 031 031 031 031 031 031 031 031 031 031 031 031 031 031 031 031 031 031 031 031 031  031 031  031 031 031  031 031	 031 031 031 031 031 031 031 031 031 031 031 031 031 031 031 031 031 031 031 031 031 031 031 031 031 031  031 031  031 031 031  031 031  031 031 031 031 031 031 031 031 031 031 031 031 031 031 031 031 031 031 031 031 031 031 031 031 031 031  031 031  031 031 031  031 031	 031
 031 031 031 031 031 031 031 031 031 031 031 031 031 031 031 031 031 031 031 031 031 031 031 031 031 031  031 031  031 031 031  031 031	 031 031 031 031 031 031 031 031 031 031 031 031 031 031 031 031 031 031 031 031 031 031 031 031 031 031  031 031  031 031 031  031 031  031 031 031 031 031 031 031 031 031 031 031 031 031 031 031 031 031 031 031 031 031 031 031 031 031 031  031 031  031 031 031  031 031	 031
 031 031 031 031 031 031 031 031 031 031 031 031 031 031 031 031 031 031 031 031 031 031 031 031 031 031  031 031  031 031 031  031 031	 031 031 031 031 031 031 031 031 031 031 031 031 031 031 031 031 031 031 031 031 031 031 031 031 031 031  031 031  031 031 031  031 031  031 031 031 031 031 031 031 031 031 031 031 031 031 031 031 031 031 031 031 031 031 031 031 031 031 031  031 031  031 031 031  031 031	 031
 031 031 031 031 031 031 031 031 031 031 031 031 031 031 031 031 031 031 031 031 031 031 031 031 031 031  031 031  031 031 031  031 031	 031 031 031 031 031 031 031 031 031 031 031 031 031 031 031 031 031 031 031 031 031 031 031 031 031 031  031 031  031 031 031  031 031  031 031 031 031 031 031 031 031 031 031 031 031 031 031 031 031 031 031 031 031 031 031 031 031 031 031  031 031  031 031 031  031 031	 031
 031 031 031 031 031 031 031 031 031 031 031 031 031 031 031 031 031 031 031 031 031 031 031 031 031 031  031 031  031 031 031  031 031	 031 031 031 031 031 031 031 031 031 031 031 031 031 031 031 031 031 031 031 031 031 031 031 031 031 031  031 031  031 031 031  031 031  031 031 031 031 031 031 031 031 031 031 031 031 031 031 031 031 031 031 031 031 031 031 031 031 031 031  031 031  031 031 031  031 031	 031
 031 031 031 031 031 031 031 031 031 031 031 031 031 031 031 031 031 031 031 031 031 031 031 031 031 031  031 031  031 031 031  031 031	 031 031 031 031 031 031 031 031 031 031 031 031 031 031 031 031 031 031 031 031 031 031 031 031 031 031  031 031  031 031 031  031 031  031 031 031 031 031 031 031 031 031 031 031 031 031 031 031 031 031 031 031 031 031 031 031 031 031 031  031 031  031 031 031  031 031	 031
 031 031 031 031 031 031 031 031 031 031 031 031 031 031 031 031 031 031 031 031 031 031 031 031 031 031  031 031  031 031 031  031 031	 031 031 031 031 031 031 031 031 031 031 031 031 031 031 031 031 031 031 031 031 031 031 031 031 031 031  031 031  031 031 031  031 031  031 031 031 031 031 031 031 031 031 031 031 031 031 031 031 031 031 031 031 031 031 031 031 031 031 031  031 031  031 031 031  031 031	 031
 031 031 031 031 031 031 031 031 031 031 031 031 031 031 031 031 031 031 031 031 031 031 031 031 031 031  031 031  031 031 031  031 031	 031 031 031 031 031 031 031 031 031 031 031 031 031 031 031 031 031 031 031 031 031 031 031 031 031 031  031 031  031 031 031  031 031  031 031 031 031 031 031 031 031 031 031 031 031 031 031 031 031 031 031 031 031 031 031 031 031 031 031  031 031  031 031 031  031 031	 031
 031 031 031 031 031 031 031 031 031 031 031 031 031 031 031 031 031 031 031 031 031 031 031 031 031 031  031 031  031 031 031  031 031	 031 031 031 031 031 031 031 031 031 031 031 031 031 031 031 031 031 031 031 031 031 031 031 031 031 031  031 031  031 031 031  031 031  031 031 031 031 031 031 031 031 031 031 031 031 031 031 031 031 031 031 031 031 031 031 031 031 031 031  031 031  031 031 031  031 031	 031
 031 031 031 031 031 031 031 031 031 031 031 031 031 031 031 031 031 031 031 031 031 031 031 031 031 031  031 031  031 031 031  031 031	 031 031 031 031 031 031 031 031 031 031 031 031 031 031 031 031 031 031 031 031 031 031 031 031 031 031  031 031  031 031 031  031 031  031 031 031 031 031 031 031 031 031 031 031 031 031 031 031 031 031 031 031 031 031 031 031 031 031 031  031 031  031 031 031  031 031	 031
 031 031 031 031 031 031 031 031 031 031 031 031 031 031 031 031 031 031 031 031 031 031 031 031 031 031  031 031  031 031 031  031 031	 031 031 031 031 031 031 031 031 031 031 031 031 031 031 031 031 031 031 031 031 031 031 031 031 031 031  031 031  031 031 031  031 031  031 031 031 031 031 031 031 031 031 031 031 031 031 031 031 031 031 031 031 031 031 031 031 031 031 031  031 031  031 031 031  031 031	 031
 031 031 031 031 031 031 031 031 031 031 031 031 031 031 031 031 031 031 031 031 031 031 031 031 031 031  031 031  031 031 031  031 031	 031 031 031 031 031 031 031 031 031 031 031 031 031 031 031 031 031 031 031 031 031 031 031 031 031 031  031 031  031 031 031  031 031  031 031 031 031 031 031 031 031 031 031 031 031 031 031 031 031 031 031 031 031 031 031 031 031 031 031  031 031  031 031 031  031 031	 031